003020600
900305001
001806400
008102900
700000008
006708200
002609500
800203009
005010300
 
000040870
001000349
743890056
000910027
400007910
007004003
370060090
120538700
065000030
 
764000201
000060703
000000050
010000000
000910580
603200079
001340960
000720010
256000000
 
000260701
680070090
190004500
820100040
004602900
050003028
009300074
040050036
703018000
  
100489006
730000040
000001295
007120600
500703008
006095700
914600000
020000037
800512004

080020000
000000687
070603250
600100009
040598160
090004030
960070000
400000801
800300000

009002085
060008030
000760000
004683190
080910000
003407000
000800006
800050403
700049000

009030005
300070000
280040000
003284109
008000700
040150020
005003490
090400080
700000506

000003400
000687005
001204000
037160000
506009130
900500700
300890056
050000300
000040001
 
004000015
610049270
007800090
800057060
000096082
000200000
400003801
070400020
001008003
 