
PUZZLE 1
8 3 2 0 9 6 0 0 1 
0 9 0 0 0 3 0 8 2 
0 4 0 2 0 0 6 9 3 
4 2 9 0 0 5 0 0 0 
0 0 8 0 6 0 0 1 4 
5 0 0 3 0 4 0 0 9 
0 0 0 5 0 0 2 0 0 
2 0 0 0 4 9 0 3 0 
0 0 3 8 0 7 0 0 0 

8 3 2 4 9 6 7 5 1 
1 9 6 7 5 3 4 8 2 
7 4 5 2 1 8 6 9 3 
4 2 9 1 8 5 3 6 7 
3 7 8 9 6 2 5 1 4 
5 6 1 3 7 4 8 2 9 
9 8 4 5 3 1 2 7 6 
2 5 7 6 4 9 1 3 8 
6 1 3 8 2 7 9 4 5 
Solved by BT: 1091
Solved by BT with AC3: 345
Solved by MRV + LCV: 222
Solved with FC in 126

PUZZLE 2
3 0 8 0 6 0 0 0 5 
0 0 9 1 8 5 0 6 0 
0 0 1 0 0 0 0 2 8 
8 3 0 0 0 6 0 0 0 
7 4 5 2 0 8 0 0 0 
0 0 0 0 5 0 2 0 4 
0 0 4 0 3 0 0 0 2 
0 5 0 6 0 0 0 3 0 
6 0 0 8 2 7 0 4 0 

3 7 8 9 6 2 4 1 5 
4 2 9 1 8 5 7 6 3 
5 6 1 3 7 4 9 2 8 
8 3 2 4 9 6 1 5 7 
7 4 5 2 1 8 3 9 6 
1 9 6 7 5 3 2 8 4 
9 8 4 5 3 1 6 7 2 
2 5 7 6 4 9 8 3 1 
6 1 3 8 2 7 5 4 9 
Solved by BT: 959
Solved by BT with AC3: 317
Solved by MRV + LCV: 48
Solved with FC in 153

PUZZLE 3
8 0 0 0 2 9 0 0 0 
0 5 6 3 0 0 8 0 0 
0 0 0 0 0 0 0 2 0 
4 0 0 8 0 5 9 1 0 
0 0 0 2 4 0 0 0 7 
0 0 3 0 0 1 0 0 4 
0 9 8 4 0 0 0 6 2 
1 0 2 0 0 0 0 7 9 
0 0 0 9 1 0 5 0 0 

8 7 1 6 2 9 3 4 5 
2 5 6 3 7 4 8 9 1 
3 4 9 1 5 8 7 2 6 
4 2 7 8 6 5 9 1 3 
9 1 5 2 4 3 6 8 7 
6 8 3 7 9 1 2 5 4 
5 9 8 4 3 7 1 6 2 
1 3 2 5 8 6 4 7 9 
7 6 4 9 1 2 5 3 8 
Solved by BT: 773
Solved by BT with AC3: 308
Solved by MRV + LCV: 50
Solved with FC in 267

PUZZLE 4
0 0 4 0 0 0 0 1 5 
6 1 3 0 4 9 2 7 0 
0 0 7 8 0 0 0 9 0 
8 0 0 0 5 7 0 6 4 
0 0 0 0 9 6 0 8 2 
0 0 0 2 0 0 0 0 0 
4 0 0 0 0 3 8 0 1 
0 7 0 4 0 0 0 2 0 
0 0 1 0 0 8 0 0 3 

9 8 4 6 7 2 3 1 5 
6 1 3 5 4 9 2 7 8 
2 5 7 8 3 1 4 9 6 
8 3 2 1 5 7 9 6 4 
7 4 5 3 9 6 1 8 2 
1 9 6 2 8 4 5 3 7 
4 2 9 7 6 3 8 5 1 
3 7 8 4 1 5 6 2 9 
5 6 1 9 2 8 7 4 3 
Solved by BT: 763
Solved by BT with AC3: 228
Solved by MRV + LCV: 48
Solved with FC in 129

PUZZLE 5
5 3 0 6 0 0 0 8 9 
0 2 7 5 4 0 3 0 6 
6 0 0 8 0 1 0 5 0 
4 0 0 0 0 7 0 0 8 
0 0 8 0 0 0 5 4 0 
7 5 0 2 0 4 0 0 0 
0 0 0 0 0 0 0 0 0 
0 0 2 4 0 0 8 0 3 
3 0 0 0 0 8 0 0 0 

5 3 1 6 7 2 4 8 9 
8 2 7 5 4 9 3 1 6 
6 4 9 8 3 1 7 5 2 
4 9 6 1 5 7 2 3 8 
2 1 8 3 9 6 5 4 7 
7 5 3 2 8 4 6 9 1 
1 8 5 7 6 3 9 2 4 
9 6 2 4 1 5 8 7 3 
3 7 4 9 2 8 1 6 5 
Solved by BT: 794
Solved by BT with AC3: 393
Solved by MRV + LCV: 109
Solved with FC in 784

PUZZLE 6
0 6 0 0 0 0 0 0 0 
0 4 0 0 8 0 0 0 5 
0 0 7 0 0 4 6 0 0 
0 2 6 0 4 0 8 7 0 
0 0 0 7 0 0 0 0 0 
0 7 3 0 0 1 0 5 6 
7 0 0 1 6 0 0 9 0 
2 1 0 0 0 0 7 6 4 
0 0 5 4 0 0 1 3 0 

5 6 8 9 1 3 4 2 7 
3 4 2 6 8 7 9 1 5 
1 9 7 2 5 4 6 8 3 
9 2 6 3 4 5 8 7 1 
8 5 1 7 2 6 3 4 9 
4 7 3 8 9 1 2 5 6 
7 3 4 1 6 2 5 9 8 
2 1 9 5 3 8 7 6 4 
6 8 5 4 7 9 1 3 2 
Solved by BT: 4663
Solved by BT with AC3: 2231
Solved by MRV + LCV: 52
Solved with FC in 113

PUZZLE 7
0 5 3 0 2 7 0 0 0 
0 6 4 0 1 0 2 0 0 
7 8 0 5 0 0 6 1 0 
0 2 0 3 0 0 0 4 5 
0 0 0 1 0 0 0 0 2 
3 7 5 0 4 8 1 0 0 
0 0 7 0 8 0 0 0 1 
0 1 8 0 0 6 4 0 0 
0 9 0 4 0 0 0 0 8 

1 5 3 6 2 7 9 8 4 
9 6 4 8 1 3 2 5 7 
7 8 2 5 9 4 6 1 3 
8 2 1 3 6 9 7 4 5 
6 4 9 1 7 5 8 3 2 
3 7 5 2 4 8 1 9 6 
4 3 7 9 8 2 5 6 1 
5 1 8 7 3 6 4 2 9 
2 9 6 4 5 1 3 7 8 
Solved by BT: 463
Solved by BT with AC3: 141
Solved by MRV + LCV: 46
Solved with FC in 564

PUZZLE 8
0 4 2 0 0 0 0 0 0 
0 9 7 6 8 3 0 0 0 
5 0 8 0 0 0 0 0 0 
0 5 0 3 0 0 2 6 7 
0 2 6 0 7 1 0 5 3 
4 7 0 2 0 6 0 1 0 
0 0 0 0 0 0 0 0 4 
0 0 0 5 9 8 0 0 1 
0 0 9 7 0 0 3 0 0 

3 4 2 9 1 5 8 7 6 
1 9 7 6 8 3 5 4 2 
5 6 8 4 2 7 1 3 9 
8 5 1 3 4 9 2 6 7 
9 2 6 8 7 1 4 5 3 
4 7 3 2 5 6 9 1 8 
6 8 5 1 3 2 7 9 4 
7 3 4 5 9 8 6 2 1 
2 1 9 7 6 4 3 8 5 
Solved by BT: 1023
Solved by BT with AC3: 320
Solved by MRV + LCV: 48
Solved with FC in 133

PUZZLE 9
0 2 0 0 4 9 0 1 0 
5 0 1 0 0 0 0 8 9 
0 0 9 8 0 1 0 5 0 
0 0 2 0 0 5 8 0 0 
1 8 0 0 0 0 0 0 0 
0 0 0 9 0 0 0 0 0 
4 0 0 1 5 0 0 0 0 
0 5 0 0 0 4 0 9 0 
2 0 0 0 9 0 0 0 0 

8 2 7 5 4 9 3 1 6 
5 3 1 6 7 2 4 8 9 
6 4 9 8 3 1 7 5 2 
9 6 2 4 1 5 8 7 3 
1 8 5 7 6 3 9 2 4 
3 7 4 9 2 8 1 6 5 
4 9 6 1 5 7 2 3 8 
7 5 3 2 8 4 6 9 1 
2 1 8 3 9 6 5 4 7 
Solved by BT: 2944
Solved by BT with AC3: 1599
Solved by MRV + LCV: 5019
Solved with FC in 1744

PUZZLE 10
0 1 0 0 0 0 6 8 0 
0 0 0 0 6 2 0 0 0 
0 0 0 5 3 0 0 0 9 
0 4 0 9 0 3 0 6 0 
0 0 0 0 5 0 0 0 7 
0 0 0 0 8 7 0 0 0 
0 0 0 0 4 5 0 0 6 
0 0 4 0 2 0 0 0 1 
6 2 0 0 9 0 4 0 0 

2 1 3 4 7 9 6 8 5 
8 5 9 1 6 2 7 3 4 
4 7 6 5 3 8 2 1 9 
7 4 2 9 1 3 5 6 8 
3 6 8 2 5 4 1 9 7 
5 9 1 6 8 7 3 4 2 
1 8 7 3 4 5 9 2 6 
9 3 4 7 2 6 8 5 1 
6 2 5 8 9 1 4 7 3 
Solved by BT: 1614
Solved by BT with AC3: 758
Solved by MRV + LCV: 1470
Solved with FC in 133
