832096001
090003082
040200693
429005000
008060014
500304009
000500200
200049030
003807000
+++++++++++++++++++++++++
0, 1, 11
2, 3, 4, 5, 21
6, 7, 12
8, 1
9, 18, 8
11, 20, 11
12, 13, 12
14, 15, 7
16, 17, 25, 26, 22
22, 23, 24, 32, 20
21, 30, 29, 12
31, 8
27, 36, 7
28, 37, 9
38, 39, 40, 23
33, 34, 35, 16
41, 42, 43, 44, 12
45, 46, 54, 20
47, 48, 4
55, 56, 57, 17
49, 50, 58, 14
51, 52, 10
53, 62, 71, 23
67, 68, 59, 60, 61, 23
63, 64, 72, 13
73, 74, 4
65, 66, 13
75, 76, 77, 17
69, 78, 10
70, 79, 7
80, 5
_________________________
308060005
009185060
001000028
830006000
745208000
000050204
004030002
050600030
600827040
+++++++++++++++++++++++++
1, 2, 3, 24
4, 5, 8
6, 7, 8, 16, 17, 25, 24, 30
9, 10, 6
20, 1
12, 13, 14, 15, 21
18, 19, 27, 28, 29, 24
21, 22, 30, 14
23, 32, 41, 31, 27
26, 35, 15
36, 45, 8
37, 38, 46, 18
39, 40, 3
33, 42, 4
34, 43, 14
44, 6
47, 56, 65, 17
48, 57, 12
49, 50, 8
58, 59, 4
51, 60, 8
52, 53, 12
61, 62, 69, 70, 71, 21
54, 55, 63, 64, 24
72, 73, 7
74, 75, 11
66, 67, 10
68, 76, 77, 18
78, 79, 9
80, 9
_________________________
800029000
056300800
000000020
400805910
000240007
003001004
098400062
102000079
000910500
+++++++++++++++++++++++++
0, 1, 2, 16
3, 6
4, 5, 6, 14
7, 4
8, 5
9, 10, 11, 12, 16
13, 14, 11
15, 16, 17, 18
18, 3
19, 28, 6
20, 9
21, 30, 39, 29, 18
22, 5
23, 31, 32, 33, 28
24, 25, 9
26, 35, 9
34, 43, 44, 16
40, 41, 42, 13
27, 36, 13
37, 38, 47, 9
48, 49, 16
50, 51, 59, 10
52, 53, 9
45, 54, 63, 12
46, 55, 17
56, 57, 58, 15
60, 61, 62, 70, 71, 25
64, 65, 5
66, 5
68, 69, 10
72, 73, 13
74, 75, 76, 77, 67, 24
78, 79, 80, 16
_________________________
004000015
613049270
007800090
800057064
000096082
000200000
400003801
070400020
001008003
+++++++++++++++++++++++++
0, 1, 2, 21
3, 4, 13, 17
5, 14, 11
6, 7, 4
8, 16, 17, 20
9, 10, 18, 19, 20, 21
11, 12, 8
21, 30, 9
22, 31, 8
23, 24, 15, 7
25, 26, 35, 19
27, 28, 36, 18
29, 2
32, 33, 34, 43, 30
37, 38, 9
45, 46, 10
39, 40, 41, 48, 49, 28
42, 51, 6
52, 61, 8
44, 53, 9
54, 55, 6
47, 56, 15
57, 7
50, 58, 59, 13
60, 69, 14
63, 64, 10
72, 73, 11
65, 74, 9
66, 75, 13
67, 68, 6
76, 77, 10
78, 7
70, 79, 6
62, 71, 80, 13
_________________________
530600089
027540306
600801050
400007008
008000540
750204000
000000000
002400803
300008000
+++++++++++++++++++++++++
0, 1, 2, 3, 10, 17
4, 5, 6, 7, 8, 17, 36
9, 18, 14
19, 4
11, 12, 20, 21, 29, 30, 36
13, 22, 7
14, 23, 10
15, 16, 24, 25, 16
26, 35, 10
27, 28, 13
31, 40, 41, 20
32, 33, 34, 12
36, 45, 9
37, 38, 39, 12
42, 50, 51, 15
43, 44, 11
46, 47, 8
48, 49, 10
52, 61, 70, 18
53, 62, 5
54, 63, 10
55, 64, 14
56, 57, 12
58, 59, 9
60, 9
65, 74, 6
66, 67, 75, 14
68, 69, 13
71, 80, 8
72, 73, 10
76, 77, 10
78, 79, 7
_________________________
060000000
040080005
007004600
026040870
000700000
073001056
700160090
210000764
005400130
+++++++++++++++++++++++++
0, 5
1, 2, 10, 19, 27
3, 4, 10
5, 14, 23, 14
6, 4
7, 16, 3
8, 17, 12
9, 18, 4
11, 12, 8
13, 22, 31, 17
15, 24, 15
20, 27, 28, 29, 37, 29
21, 30, 5
25, 26, 11
32, 33, 13
34, 35, 43, 12
36, 45, 46, 19
38, 39, 8
40, 49, 58, 17
41, 42, 9
44, 53, 62, 71, 27
47, 56, 7
48, 57, 66, 67, 17
50, 51, 52, 8
54, 55, 63, 64, 13
59, 68, 69, 78, 18
60, 61, 70, 20
65, 74, 14
72, 73, 14
75, 76, 11
77, 9
79, 80, 5
_________________________
053027000
064010200
780500610
020300045
000100002
375048100
007080001
018006400
090400008
+++++++++++++++++++++++++
0, 9, 10
3, 4, 12, 21, 21
5, 13, 14, 11
6, 15, 24, 17
7, 8, 16, 25, 18
10, 11, 19, 20, 20
17, 26, 35, 15
18, 27, 15
22, 31, 40, 41, 27
23, 32, 13
28, 29, 3
30, 38, 39, 13
33, 42, 15
34, 43, 7
36, 37, 46, 17
44, 53, 8
48, 57, 11
51, 52, 10
54, 63, 72, 11
55, 56, 64, 73, 20
58, 59, 68, 16
60, 61, 62, 12
65, 74, 14
66, 75, 11
67, 76, 8
69, 70, 6
71, 80, 17
77, 78, 79, 11
_________________________
042000000
097683000
508000000
050300267
026071053
470206010
000000004
000598001
009700300
+++++++++++++++++++++++++
0, 9, 4
2, 3, 11
4, 5, 6
6, 7, 15
8, 16, 17, 12
11, 19, 20, 21
12, 21, 22, 12
13, 14, 23, 18
15, 24, 25, 9
18, 27, 13
26, 35, 16
28, 29, 6
30, 31, 7
32, 38, 39, 40, 41, 48, 33
33, 34, 42, 12
36, 45, 54, 19
37, 46, 55, 17
47, 56, 8
49, 58, 8
50, 51, 15
52, 53, 9
57, 66, 6
59, 60, 9
61, 62, 13
63, 64, 65, 74, 23
67, 68, 77, 21
69, 78, 9
70, 71, 79, 80, 16
72, 73, 3
75, 76, 13
_________________________
020049010
501000089
009801050
002005800
180000000
000900000
400150000
050004090
200090000
+++++++++++++++++++++++++
0, 1, 10
2, 11, 8
3, 4, 9
5, 6, 12
7, 8, 16, 15
9, 18, 27, 20
10, 19, 7
12, 13, 13
14, 15, 6
17, 25, 26, 16
20, 28, 29, 30, 21
21, 22, 23, 12
24, 7
31, 1
32, 33, 34, 20
35, 43, 44, 9
36, 45, 4
37, 46, 47, 56, 25
38, 39, 48, 57, 22
40, 41, 49, 11
42, 51, 10
50, 58, 59, 20
52, 61, 62, 17
53, 5
54, 55, 63, 20
60, 2
64, 65, 72, 73, 11
66, 75, 5
67, 68, 76, 77, 27
69, 78, 11
70, 71, 80, 17
74, 8
79, 4
_________________________
010000680
000062000
000530009
040903060
000050007
000087000
000045006
004020001
620090400
+++++++++++++++++++++++++
0, 9, 10
1, 2, 4
3, 12, 21, 22, 13
4, 13, 13
5, 6, 7, 23
8, 16, 17, 12
10, 11, 14
14, 23, 32, 33, 18
15, 24, 9
18, 19, 20, 17
25, 34, 7
26, 35, 17
27, 36, 37, 16
28, 29, 6
30, 31, 10
38, 39, 47, 56, 18
40, 41, 9
42, 43, 10
44, 52, 53, 13
45, 46, 14
48, 49, 14
50, 51, 59, 15
54, 55, 9
57, 65, 66, 14
58, 67, 68, 69, 20
60, 61, 62, 17
63, 72, 15
64, 73, 5
70, 71, 80, 9
74, 5
75, 76, 17
77, 78, 5
79, 7
_________________________   